# Body pose sequence format version 1.0 defined by cnoid-Robotics

type: PoseSeq
name: "Accelite_motion"
targetBody: "Accelite"
refs: 
  - 
    time: 0
    refer: 
      type: Pose
      name: ""
      joints: [ 
        0, 1, 2, 3, 4, 5, 6, 7, 8, 
        9, 10, 11, 12, 13, 14, 15, 16, 17, 
        18, 19, 20, 21, 22, 23, 24 ]
      q: [ 
        0, 0, 0, -0.34906585, -0.34906585, 0.34906585, 0.34906585, 0.34906585, 0.34906585, 
        0, 0, 0, 0, -0.34906585, 0.34906585, -0.34906585, 0.34906585, 0.34906585, 
        -0.34906585, 0, 0, -0.261799388, 0, 0.261799388, 0 ]
      ikLinks: 
        - 
          name: Body
          index: 0
          isBaseLink: true
          translation: [ 0.00577767976, -0.00606347176, 0.303078587 ]
          rotation: [ 
            0.995030814, -0.0598542704, -0.0795684994, 
            0.0592415811, 0.998193177, -0.0100407285, 
            0.0800257137, 0.00527707054, 0.996778831 ]
        - 
          name: Foot_L
          index: 20
          translation: [ 0.00570286957, -0.0056885415, 0.313469523 ]
          rotation: [ 
            0.995063259, -0.0593046899, -0.0795742734, 
            0.0586979901, 0.998226258, -0.00994398584, 
            0.0800228542, 0.00522404504, 0.99677934 ]
          isTouching: true
          partingDirection: [ 0, 0, 1 ]
        - 
          name: Foot_R
          index: 40
          translation: [ 0.00652540281, -0.00528089127, 0.313911153 ]
          rotation: [ 
            0.995030814, -0.0598542704, -0.0795684994, 
            0.0592415811, 0.998193177, -0.0100407285, 
            0.0800257137, 0.00527707054, 0.996778831 ]
          isTouching: true
          partingDirection: [ 0, 0, 1 ]
  - 
    time: 1
    refer: 
      type: Pose
      name: ""
      joints: [ 
        0, 1, 2, 3, 4, 5, 6, 7, 8, 
        9, 10, 11, 12, 13, 14, 15, 16, 17, 
        18, 19, 20, 21, 22, 23, 24 ]
      q: [ 
        0, 0, 1.25663706, -0.34906585, -0.34906585, 0.34906585, 0.34906585, 0.34906585, 0.34906585, 
        0, 0, 0, 0, -0.34906585, 0.34906585, -0.34906585, 0.34906585, 0.34906585, 
        -0.34906585, 0, 0, -0.261799388, 0, 0.261799388, 0 ]
      ikLinks: 
        - 
          name: Body
          index: 0
          isBaseLink: true
          translation: [ 0.00577767976, -0.00606347176, 0.303078587 ]
          rotation: [ 
            0.995030814, -0.0598542704, -0.0795684994, 
            0.0592415811, 0.998193177, -0.0100407285, 
            0.0800257137, 0.00527707054, 0.996778831 ]
        - 
          name: Foot_L
          index: 20
          translation: [ 0.125871873, 0.0011449042, 0.394592638 ]
          rotation: [ 
            0.383232953, -0.0589367442, 0.921769474, 
            0.0265572313, 0.99825267, 0.0527856015, 
            -0.923269851, 0.00425046321, 0.384128515 ]
        - 
          name: Foot_R
          index: 40
          translation: [ 0.00652540281, -0.00528089127, 0.313911153 ]
          rotation: [ 
            0.995030814, -0.0598542704, -0.0795684994, 
            0.0592415811, 0.998193177, -0.0100407285, 
            0.0800257137, 0.00527707054, 0.996778831 ]
          isTouching: true
          partingDirection: [ 0, 0, 1 ]
