# Body pose sequence format version 1.0 defined by cnoid-Robotics

type: PoseSeq
name: "Accelite_motion"
targetBody: "Accelite"
refs: 
  - 
    time: 0
    refer: 
      type: Pose
      name: ""
      joints: [ 
        0, 1, 2, 3, 4, 5, 6, 7, 8, 
        9, 10, 11, 12, 13, 14, 15, 16, 17, 
        18, 19, 20, 21, 22, 23, 24 ]
      q: [ 
        0, 0, 0, -0.34906585, -0.34906585, 0.34906585, 0.34906585, 0.34906585, 0.34906585, 
        0, 0, 0, 0, -0.34906585, 0.34906585, -0.34906585, 0.34906585, 0.34906585, 
        -0.34906585, 0, 0, -0.261799388, 0, 0.261799388, 0 ]
      ikLinks: 
        - 
          name: Body
          index: 0
          isBaseLink: true
          translation: [ 0, 0, 0.32 ]
          rotation: [ 
            1, 0, 0, 
            0, 1, 0, 
            0, 0, 1 ]
        - 
          name: Foot_L
          index: 20
          translation: [ 0.000779315064, 0.000433564242, 0.330359653 ]
          rotation: [ 
            0.999999852, 0.000544565868, 2.66333466e-008, 
            -0.000544565868, 0.999999847, 9.69161459e-005, 
            2.61438825e-008, -9.6916146e-005, 0.999999995 ]
        - 
          name: Foot_R
          index: 40
          translation: [ 0.00165725264, 0.0007935763, 0.33073032 ]
          rotation: [ 
            1, -2.185345e-019, 5.55111512e-017, 
            4.23516474e-020, 1, 4.13352078e-019, 
            0, 3.93023288e-019, 1 ]
  - 
    time: 1
    refer: 
      type: Pose
      name: ""
      joints: [ 
        0, 1, 2, 3, 4, 5, 6, 7, 8, 
        9, 10, 11, 12, 13, 14, 15, 16, 17, 
        18, 19, 20, 21, 22, 23, 24 ]
      q: [ 
        0, 0, 0.872664626, -0.34906585, -0.34906585, 0.34906585, 0.34906585, 0.34906585, 0.34906585, 
        0, 0, 0, -0.872664626, -0.34906585, 0.34906585, -0.34906585, 0.34906585, 0.34906585, 
        -0.34906585, 0, 0, -0.261799388, 0, 0.261799388, 0 ]
      ikLinks: 
        - 
          name: Body
          index: 0
          isBaseLink: true
          translation: [ 0.00854804839, -0.000233600518, 0.219339316 ]
          rotation: [ 
            0.642787837, -0.00211426015, -0.766041335, 
            0.00154489356, 0.999997736, -0.00146365023, 
            0.766042695, -0.000242635761, 0.642789647 ]
        - 
          name: Foot_L
          index: 20
          translation: [ 0.000402397453, 0.000263575714, 0.330955162 ]
          rotation: [ 
            0.999999539, -0.00096012586, 2.32599894e-006, 
            0.000960125733, 0.999999538, 5.41273191e-005, 
            -2.3779669e-006, -5.41250609e-005, 0.999999999 ]
        - 
          name: Foot_R
          index: 40
          translation: [ 0.00165725264, 0.0007935763, 0.33073032 ]
          rotation: [ 
            1, -2.185345e-019, 5.55111512e-017, 
            4.23516474e-020, 1, 4.13352078e-019, 
            0, 3.93023288e-019, 1 ]
  - 
    time: 2
    refer: 
      type: Pose
      name: ""
      joints: [ 
        0, 1, 2, 3, 4, 5, 6, 7, 8, 
        9, 10, 11, 12, 13, 14, 15, 16, 17, 
        18, 19, 20, 21, 22, 23, 24 ]
      q: [ 
        0, 0, 0.872664626, -0.34906585, -0.34906585, 0.34906585, 0.34906585, 0.34906585, 1.04719755, 
        0, 0, 0, -0.872664626, -0.34906585, 0.34906585, -0.34906585, 0.34906585, 0.34906585, 
        -1.04719755, 0, 0, -0.261799388, 0, 0.261799388, 0 ]
      ikLinks: 
        - 
          name: Body
          index: 0
          isBaseLink: true
          translation: [ 0.124215309, 0.00531090196, 0.234176204 ]
          rotation: [ 
            0.983900777, -0.0010253905, -0.178712647, 
            0.00140972122, 0.999996959, 0.00202357487, 
            0.178710028, -0.0022429319, 0.98389923 ]
        - 
          name: Foot_L
          index: 20
          translation: [ -0.0129044835, 0.00615062068, 0.316912961 ]
          rotation: [ 
            0.999986641, 0.000494904473, -0.00514522125, 
            -0.000479350289, 0.999995313, 0.00302382888, 
            0.00514669365, -0.00302132212, 0.999982191 ]
          isTouching: true
          partingDirection: [ 0, 0, 1 ]
        - 
          name: Foot_R
          index: 40
          translation: [ -0.0119851053, 0.00606362924, 0.316546534 ]
          rotation: [ 
            0.999985465, -0.00162278581, -0.0051416832, 
            0.00163290603, 0.999996737, 0.00196468469, 
            0.00513847816, -0.00197305202, 0.999984851 ]
          isTouching: true
          partingDirection: [ 0, 0, 1 ]
  - 
    time: 4.00833333
    maxTransitionTime: 1
    refer: 
      type: Pose
      name: ""
      joints: [ 
        0, 1, 2, 3, 4, 5, 6, 7, 8, 
        9, 10, 11, 12, 13, 14, 15, 16, 17, 
        18, 19, 20, 21, 22, 23, 24 ]
      q: [ 
        0, 0, 0, -0.34906585, -0.34906585, 0.34906585, 0.34906585, 0.34906585, 0.34906585, 
        0, 0, 0, 0, -0.34906585, 0.34906585, -0.34906585, 0.34906585, 0.34906585, 
        -0.34906585, 0, 0, -0.261799388, 0, 0.261799388, 0 ]
      ikLinks: 
        - 
          name: Body
          index: 0
          isBaseLink: true
          translation: [ 0.54305338, -0.00802008567, 0.272263131 ]
          rotation: [ 
            -0.0844859906, -0.0373458983, 0.995724561, 
            0.0351384501, 0.998564166, 0.040433855, 
            -0.995804904, 0.0384043121, -0.0830524057 ]
        - 
          name: Foot_L
          index: 20
          translation: [ 0.553286708, -0.00714087934, 0.270643342 ]
          rotation: [ 
            -0.0844656147, -0.0374884026, 0.995720935, 
            0.034594662, 0.998579229, 0.0405306328, 
            -0.995825672, 0.037870074, -0.0830487099 ]
        - 
          name: Foot_R
          index: 40
          translation: [ 0.553568172, -0.00673554732, 0.269752129 ]
          rotation: [ 
            -0.0844859906, -0.0373458983, 0.995724561, 
            0.0351384501, 0.998564166, 0.040433855, 
            -0.995804904, 0.0384043121, -0.0830524057 ]
  - 
    time: 5.5
    maxTransitionTime: 0.5
    refer: 
      type: Pose
      name: ""
      joints: [ 
        0, 1, 2, 3, 4, 5, 6, 7, 8, 
        9, 10, 11, 12, 13, 14, 15, 16, 17, 
        18, 19, 20, 21, 22, 23, 24 ]
      q: [ 
        0, 0, 0, -1.3962634, -1.3962634, 1.3962634, 1.3962634, 1.3962634, 1.3962634, 
        0, 0, 0, 0, -1.3962634, 1.3962634, -1.3962634, 1.3962634, 1.3962634, 
        -1.3962634, 0, 0, -1.57079633, 0, 1.57079633, 0 ]
      ikLinks: 
        - 
          name: Body
          index: 0
          isBaseLink: true
          translation: [ 0.299716372, -0.0105360959, 0.168357116 ]
          rotation: [ 
            -0.0261808883, -0.0462298706, 0.998587683, 
            0.00915624864, 0.998877101, 0.0464833271, 
            -0.999615288, 0.0103602919, -0.0257281977 ]
        - 
          name: Foot_L
          index: 20
          translation: [ 0.470653652, -0.00156183092, 0.16336941 ]
          rotation: [ 
            -0.0261074158, -0.0475875074, 0.998525829, 
            0.00759168556, 0.998828057, 0.0478004028, 
            -0.999630316, 0.00882843911, -0.02571555 ]
        - 
          name: Foot_R
          index: 40
          translation: [ 0.47090905, -0.00123758171, 0.161828319 ]
          rotation: [ 
            -0.0261808883, -0.0462298706, 0.998587683, 
            0.00915624864, 0.998877101, 0.0464833271, 
            -0.999615288, 0.0103602919, -0.0257281977 ]
  - 
    time: 6.5
    maxTransitionTime: 0.5
    refer: 
      type: Pose
      name: ""
      joints: [ 
        0, 1, 2, 3, 4, 5, 6, 7, 8, 
        9, 10, 11, 12, 13, 14, 15, 16, 17, 
        18, 19, 20, 21, 22, 23, 24 ]
      q: [ 
        0, 0, 0, -1.3962634, -1.3962634, 1.3962634, 1.3962634, 1.3962634, 1.3962634, 
        0, 0, 0, 0, -1.3962634, 1.3962634, -1.3962634, 1.3962634, 1.3962634, 
        -1.3962634, 0, 3.14159265, -1.57079633, 3.14159265, 1.57079633, 0 ]
      ikLinks: 
        - 
          name: Body
          index: 0
          isBaseLink: true
          translation: [ 0.432544471, -0.00539870687, 0.20675116 ]
          rotation: [ 
            -0.275429635, -0.0379986754, 0.960569944, 
            -0.000253769281, 0.99922132, 0.0394548999, 
            -0.961321201, 0.0106232855, -0.275224807 ]
        - 
          name: Foot_L
          index: 20
          translation: [ 0.596832135, 0.0023667715, 0.159062281 ]
          rotation: [ 
            -0.275368789, -0.0396966126, 0.960518719, 
            -0.00181886722, 0.999166803, 0.0407724259, 
            -0.961336945, 0.00948039753, -0.275211556 ]
        - 
          name: Foot_R
          index: 40
          translation: [ 0.596695153, 0.00267448439, 0.157502834 ]
          rotation: [ 
            -0.275429635, -0.0379986754, 0.960569944, 
            -0.000253769281, 0.99922132, 0.0394548999, 
            -0.961321201, 0.0106232855, -0.275224807 ]
  - 
    time: 7.5
    maxTransitionTime: 0.5
    refer: 
      type: Pose
      name: ""
      joints: [ 
        0, 1, 2, 3, 4, 5, 6, 7, 8, 
        9, 10, 11, 12, 13, 14, 15, 16, 17, 
        18, 19, 20, 21, 22, 23, 24 ]
      q: [ 
        0, 0, 0, -1.3962634, -1.3962634, 1.3962634, 1.3962634, 1.3962634, 1.3962634, 
        0, 0, 0, 0, -1.3962634, 1.3962634, -1.3962634, 1.3962634, 1.3962634, 
        -1.3962634, 0, 3.14159265, 0, 3.14159265, 0, 0 ]
      ikLinks: 
        - 
          name: Body
          index: 0
          isBaseLink: true
          translation: [ 0.432515554, -0.00543303254, 0.20676013 ]
          rotation: [ 
            -0.275461307, -0.0379767219, 0.96056173, 
            -9.10167646e-005, 0.999220395, 0.0394790281, 
            -0.961312156, 0.0107875174, -0.275250012 ]
        - 
          name: Foot_L
          index: 20
          translation: [ 0.596801814, 0.00233667309, 0.159067106 ]
          rotation: [ 
            -0.275400495, -0.039674698, 0.960510534, 
            -0.00165611343, 0.999166102, 0.040796553, 
            -0.961328157, 0.00964467648, -0.275236544 ]
        - 
          name: Foot_R
          index: 40
          translation: [ 0.596664788, 0.00264464329, 0.157507713 ]
          rotation: [ 
            -0.275461307, -0.0379767219, 0.96056173, 
            -9.10167646e-005, 0.999220395, 0.0394790281, 
            -0.961312156, 0.0107875174, -0.275250012 ]
  - 
    time: 10
    maxTransitionTime: 2
    refer: 
      type: Pose
      name: ""
      joints: [ 
        0, 1, 2, 3, 4, 5, 6, 7, 8, 
        9, 10, 11, 12, 13, 14, 15, 16, 17, 
        18, 19, 20, 21, 22, 23, 24 ]
      q: [ 
        0, 0, 0, -1.3962634, -1.3962634, 1.3962634, 1.3962634, 1.3962634, 1.3962634, 
        0, 0, 0, 0, -1.3962634, 1.3962634, -1.3962634, 1.3962634, 1.3962634, 
        -1.3962634, 0, 0.698131701, 0, 0.698131701, 0, 0 ]
      ikLinks: 
        - 
          name: Body
          index: 0
          isBaseLink: true
          translation: [ 0.419631423, -0.0288511881, 0.212684244 ]
          rotation: [ 
            -0.204524853, 0.221331647, 0.953510297, 
            0.0561925412, 0.975149853, -0.214301568, 
            -0.977247145, 0.00975016987, -0.211879568 ]
        - 
          name: Foot_L
          index: 20
          translation: [ 0.583014157, -0.0645301682, 0.175832369 ]
          rotation: [ 
            -0.204870305, 0.219753537, 0.953801101, 
            0.0546648173, 0.975518402, -0.213015503, 
            -0.977261437, 0.00849881172, -0.21186754 ]
        - 
          name: Foot_R
          index: 40
          translation: [ 0.583060744, -0.0642214408, 0.17426781 ]
          rotation: [ 
            -0.204524853, 0.221331647, 0.953510297, 
            0.0561925412, 0.975149853, -0.214301568, 
            -0.977247145, 0.00975016987, -0.211879568 ]
  - 
    time: 11.5
    maxTransitionTime: 1
    refer: 
      type: Pose
      name: ""
      joints: [ 
        0, 1, 2, 3, 4, 5, 6, 7, 8, 
        9, 10, 11, 12, 13, 14, 15, 16, 17, 
        18, 19, 20, 21, 22, 23, 24 ]
      q: [ 
        0, 0, 0, -0.34906585, -0.34906585, 0.34906585, 0.34906585, 0.34906585, 0.34906585, 
        0, 0, 0, 0, -0.34906585, 0.34906585, -0.34906585, 0.34906585, 0.34906585, 
        -0.34906585, 0, 0, -0.261799388, 0, 0.261799388, 0 ]
      ikLinks: 
        - 
          name: Body
          index: 0
          isBaseLink: true
          translation: [ 0.00577767976, -0.00606347176, 0.303078587 ]
          rotation: [ 
            0.995030814, -0.0598542704, -0.0795684994, 
            0.0592415811, 0.998193177, -0.0100407285, 
            0.0800257137, 0.00527707049, 0.996778831 ]
        - 
          name: Foot_L
          index: 20
          translation: [ 0.00570286957, -0.00568854149, 0.313469522 ]
          rotation: [ 
            0.995063259, -0.0593046899, -0.0795742733, 
            0.0586979901, 0.998226258, -0.00994398579, 
            0.0800228541, 0.005224045, 0.99677934 ]
          isTouching: true
          partingDirection: [ 0, 0, 1 ]
        - 
          name: Foot_R
          index: 40
          translation: [ 0.00652540281, -0.00528089127, 0.313911153 ]
          rotation: [ 
            0.995030814, -0.0598542704, -0.0795684994, 
            0.0592415811, 0.998193177, -0.0100407285, 
            0.0800257137, 0.00527707049, 0.996778831 ]
          isTouching: true
          partingDirection: [ 0, 0, 1 ]
